     30 10
     31 11
     17 12
     28 13
     26 14
     38 15
     68 16
     99 17
    152 18
    194 19
    222 20
    229 21
    188 22
    147 23
     93 24
     76 25
     66 26
     29 27
     35 28
     29 29
     19 30
     10 31
     13 32
      6 33
      6 34
     17 35
      2 36
      1 37
     12 38
      5 39
      3 40
      8 41
      3 43
      1 44
      3 45
     13 46
      6 47
      1 48
      6 49
      9 50
      3 52
      1 54
      1 55
      1 56
      1 61
      2 67
      1 8
     11 9
