      6 10
      7 100
      3 101
      1 102
      4 104
      1 105
      6 106
      1 107
      2 108
      2 109
      1 11
      1 110
      2 111
      2 112
      2 114
      1 116
      4 117
      1 118
      2 119
      1 12
      2 120
      4 121
      4 124
      1 125
      1 126
      5 127
      1 128
      1 129
      2 13
      2 131
      2 132
      6 133
      2 134
      2 137
      4 138
      1 140
      1 141
      3 142
      1 143
      8 144
      1 146
      2 147
      2 148
      3 149
      1 15
      1 150
      1 152
      1 155
      3 156
      1 157
      1 158
      1 160
      1 164
      3 165
      1 166
      1 167
      1 168
      5 17
      1 173
      1 174
      3 176
      2 177
      1 178
      2 18
      1 180
      1 181
      2 182
      1 187
      1 19
      1 192
      1 193
      2 197
      1 199
      3 20
      1 200
      1 204
      1 205
      1 207
      1 208
      3 21
      1 211
      1 213
      5 22
      3 224
      1 228
      2 229
      6 23
      1 235
      1 238
      9 24
      1 248
      1 249
      2 25
      1 251
      1 252
      7 255
      5 26
      1 27
      3 28
     12 29
      7 30
      3 31
      1 312
      2 32
      5 33
      5 34
      1 340
      2 35
      3 36
      6 37
      4 38
      1 394
      2 40
     13 400
      5 41
      7 42
      3 43
      3 44
      4 45
      3 46
      6 47
      8 48
      1 49
      8 50
      5 51
      4 52
      1 525
      7 53
      3 54
      1 542
      5 55
      5 56
      2 57
      3 58
      5 59
      4 60
      3 61
      9 63
      4 64
      5 65
      1 66
      4 67
      6 68
      2 69
      1 7
      2 70
      2 71
      3 72
      2 73
      4 74
      3 75
      1 76
      4 77
      1 78
      5 79
      5 8
      2 80
      3 81
      3 82
      3 83
      5 84
     35 85
      2 86
      2 87
      2 88
      3 91
      2 93
      2 94
      1 95
      3 96
      2 98
      1 99
