     29 10
     31 11
     57 12
     44 13
     68 14
     41 15
     73 16
     63 17
     75 18
     63 19
     68 20
     65 21
     66 22
     41 23
     83 24
     76 25
     73 26
     55 27
     70 28
     37 29
      5 3
    100 30
     85 31
     82 32
     58 33
     79 34
     81 35
     70 36
     56 37
     55 38
     50 39
      3 4
     51 40
     56 41
     44 42
     36 43
     32 44
     42 45
     55 46
     43 47
     34 48
     17 49
     33 50
     21 51
     35 52
     20 53
     28 54
     21 55
     28 56
     22 57
     19 58
     16 59
      6 6
     16 60
      3 61
     19 62
     12 63
      8 64
     17 65
      9 66
      4 67
     17 68
     16 69
     18 7
      4 70
      9 71
      3 72
     19 73
      8 74
     10 75
      4 76
      7 77
     10 78
      6 79
      6 8
      3 80
      1 81
      7 82
     10 83
      6 84
      3 85
      1 89
     13 9
      3 91
      3 95
