0000000000000001
0000000000000001
0000000000000001
0000000000000001
0000000000000001
0000000000000001
0000000000000001
0000000000000001
0000000000000001
0000000000000001
0000000000000001
0000000000000001
0000000000000001
0000000000000001
0000000000000001
0000000000000001
0000000000000001
0000000000000001
0000000000000001
0000000000000001
0000000000000001
0000000000000001
0000000000000001
0000000000000001
0000000000000001
0000000000000001
0000000000000001
0000000000000001
0000000000000001
0000000000000001
0000000000000001
0000000000000001
0000000000000001
0000000000000001
0000000000000001
0000000000000001
0000000000000001
0000000000000001
0000000000000001
0000000000000001
0000000000000001
0000000000000001
0000000000000001
0000000000000001
0000000000000001
0000000000000001
0000000000000001
0000000000000001
0000000000000001
0000000000000001
0000000000000001
0000000000000001
0000000000000001
0000000000000001
0000000000000001
0000000000000001
0000000000000001
0000000000000001
0000000000000001
0000000000000001
0000000000000001
0000000000000001
0000000000000001
0000000000000001
0000000000000001
0000000000000011
0000000000000001
0000000000000001
0000000000000001
0000000000000001
0000000000000101
0000000000000001
0000000000000001
0000000000000001
0000000000000001
0000000000000001
0000000000000001
0000000000000001
0000000000000001
0000000000000001
0000000000000001
0000000000000001
0000000000000001
0000000000000001
0000000000000001
0000000000000001
0000000000000001
0000000000000001
0000000000000001
0000000000000001
0000000000000001
0000000000000001
0000000000000001
0000000000000001
0000000000000001
0000000000000001
0000000000000001
0001000000000001
0000000000000001
0000000000000001
0000000000000001
0000000000001001
1000000000000001
0000000000000001
0000000000000001
0000001010100001
0000000000000001
0000000000000001
0100000000000001
0000010001000001
0000000100000001
0010000000000001
0000000000000001
0000000000000001
0000000000000001
0000000000000001
0000100000000001
0000000000000001
0000000000000001
0000000000000001
0000000000000001
0000000000000001
0000000000010001
0000000000000001
0000000000000001
0000000000000001
0000000000000001
0000000000000001
0000000000000001
0000000000000001
0000000000000001
0000000000000001
0000000000000001
0000000000000001
0000000000000001
0000000000000001
0000000000000001
0000000000000001
0000000000000001
0000000000000001
0000000000000001
0000000000000001
0000000000000001
0000000000000001
0000000000000001
0000000000000001
0000000000000001
0000000000000001
0000000000000001
0000000000000001
0000000000000001
0000000000000001
0000000000000001
0000000000000001
0000000000000001
0000000000000001
0000000000000001
0000000000000001
0000000000000001
0000000000000001
0000000000000001
0000000000000001
0000000000000001
0000000000000001
0000000000000001
0000000000000001
0000000000000001
0000000000000001
0000000000000001
0000000000000001
0000000000000001
0000000000000001
0000000000000001
0000000000000001
0000000000000001
0000000000000001
0000000000000001
0000000000000001
0000000000000001
0000000000000001
0000000000000001
0000000000000001
0000000000000001
0000000000000001
0000000000000001
0000000000000001
0000000000000001
0000000000000001
0000000000000001
0000000000000001
0000000000000001
0000000000000001
0000000000000001
0000000000000001
0000000000000001
0000000000000001
0000000000000001
0000000000000001
0000000000000001
0000000000000001
0000000000000001
0000000000000001
0000000000000001
0000000000000001
0000000000000001
0000000000000001
0000000000000001
0000000000000001
0000000000000001
0000000000000001
0000000000000001
0000000000000001
0000000000000001
0000000000000001
0000000000000001
0000000000000001
0000000000000001
0000000000000001
0000000000000001
0000000000000001
0000000000000001
0000000000000001
0000000000000001
0000000000000001
0000000000000001
0000000000000001
0000000000000001
0000000000000001
0000000000000001
0000000000000001
0000000000000001
0000000000000001
0000000000000001
0000000000000001
0000000000000001
0000000000000001
0000000000000001
0000000000000001
0000000000000001
0000000000000001
0000000000000001
0000000000000001
0000000000000001
0000000000000001
0000000000000001
0000000000000001
0000000000000001
0000000000000001
0000000000000001
0000000000000001
0000000000000001
0000000000000001
0000000000000001
0000000000000001
0000000000000001
0000000000000001
