    172 10
    176 11
    211 12
    238 13
    223 14
    205 15
     63 16
     53 17
     58 18
     61 19
     58 20
     50 21
     42 22
     39 23
     43 24
     38 25
     31 26
     26 27
     19 28
     24 29
     16 30
     19 31
     20 32
     16 33
     10 34
     13 35
      9 36
     12 37
      8 38
      9 39
      4 40
      6 41
      6 42
     11 43
      4 44
      1 45
      1 46
      2 47
      2 48
      1 49
    181 5
      1 51
      1 52
    162 6
    160 7
    178 8
    173 9
