    117 10
    145 11
      1 113
      1 117
    163 12
      1 121
      2 123
    120 13
    135 14
    141 15
    114 16
    132 17
     99 18
     87 19
     83 20
     74 21
     54 22
     65 23
     55 24
     58 25
     47 26
     28 27
     26 28
     38 29
      6 3
     16 30
     24 31
     21 32
     17 33
     15 34
      8 35
     12 36
     12 37
     13 38
      5 39
     13 4
      3 40
     10 41
      7 42
      5 43
      4 44
      2 45
      2 46
      5 47
      6 48
      2 49
      2 5
      3 50
      3 51
      1 52
      2 53
      2 54
      6 55
      2 56
      2 57
     25 6
      1 61
      3 63
     58 7
      1 70
     96 8
      1 84
      2 85
    135 9
