      5 1
     51 10
      1 101
      2 102
     54 11
      1 112
     46 12
      2 121
      2 125
     68 13
      1 131
      4 133
      1 137
     62 14
      2 145
      1 147
    227 15
      1 153
    235 16
     60 17
     75 18
    134 19
     34 2
     51 20
     55 21
     65 22
     65 23
     52 24
     35 25
     38 26
     40 27
     40 28
     46 29
     30 3
     25 30
     26 31
     20 32
     14 33
     19 34
     19 35
     24 36
     13 37
     18 38
     15 39
     39 4
     10 40
     13 41
      9 42
      9 43
     17 44
     12 45
     17 46
      7 47
      8 48
      3 49
     51 5
      4 50
     12 51
      7 52
      3 53
      2 54
      1 55
      6 56
      1 57
      5 58
    263 6
      3 60
      1 63
      1 64
      5 65
      7 66
    275 67
      4 68
      2 69
     59 7
      4 70
      4 71
      2 73
      1 74
      1 75
      3 76
      2 77
      4 79
     57 8
      2 80
      3 81
      6 83
      2 87
     38 9
      2 90
